$ANSIBLE_VAULT;1.1;AES256
30656337383965343431393965333535323335653932613364663135343336393934316531663738
3133653665346135646265666337323532373164663031350a393434626336373766386264316636
37323632373737396633636463623364616137306330663836306139663962316435386163613031
6333346134343631610a363936313932376334323435643235353062383937343062653331323436
38376638373531663137373962613135613131396136643265303330626234643334383666376232
38623537313566643766326435666538613337396263343361306165323263623433646633393030
66323134643333326535373139386430323032366337643235663665666663616666616336323232
33633934323232663265336534336631623933393733393264363534616566613861373037613233
65613533303832343861313531363636616532343939333932663235356462636637616166303830
63653763633266346633616166303034633333643561343633373937383961613633343837393164
31376664323937333265363733356135373431303063643231396565616632343737313734636361
30646632363231376437333465616139653964316238623537393138356137316265353464316364
63633465643636323533656566316133396631303530643561663935336432336131
