$ANSIBLE_VAULT;1.1;AES256
36643964373235383739353963623438613365363730393165626531633130383762633434353530
6438656138346638353831623938636630363234323635330a663739303236626530353232343163
39383938666264666363363262363433393964616134656534616261346637393464396532343334
3031663534336438610a396139343431333730363264646136613233303236383461373463633833
32343736346436346665656331666239323333316135306433653034383435613235393335363263
38663862306663623139353663656537336439343232366135633939643331373031633063666563
32376461376135663739643432396438393433303161356661346432333331626136396536373966
63636239643765633466343134623964323065303362373333633133323739313763383039616333
63333939306430663530383232653430366130356137663139373935383030366634626636393336
38646537656364656235393634333665656139626434363639633939636533366339633565363436
63363435643664633834613637663365623063643361383533386536373565666632656239336462
66343930376264313930316134643434306337313630326565303136643739373434303734373061
66383339306432643035383064333830386439333237653264336466336166396566316466373739
31316239316164626433323736663463306361663437396430666536666337373163323364396138
62613036653162663436373464333035306139343162653432653262393865623163303237316639
61393665313132663337636630616131386236373962633033613766316630616662666365613334
39623262366165653063663838623634646462666531356337343738663634636163313836623561
65626537393433343763383163303937613738306364393030393232663435313333333634316362
62393530366533356238376232343634393564356139343265653133623235303364383763393264
64383739313138623031656665333032666437396532653564393261653030383637653835303839
62636137363434323335356234613534323336346339346636323536363136353563653436656332
39653062653663646339393866616235343339353164383363333066336331393532363031643164
65376637646635326664656163306232366565323635373932643034306237656566613764366436
31626534343761343533653265326331636466626435633130383234353738623564646335653430
66356133636332303066333937313065306563623365656263653030626233646564303762313633
38663935373231333861356163316164383362643935363439396365646536303665303966336530
39323964363764333233343439656630323262313234323237326661353733316163383238626462
65666466383931383532336164336539306533366637306339653238393963366664626136616462
32636533386133393137613635383066353036366161663439653236333635386663643831626164
63393636353562383436396666326530313430346663333035646633376335663636336337626562
65326636653935356135643266616136626235653237393366303533303862636430363639663737
66633464313930376166666565626434313537303865373233353233363035616630626335636163
32363335653666313139663439356232393037396330383538633164616638653231643738666238
32336439383535363161626538386630316439643038653431383334356438303339643232636136
31313537383839383061323635646439353631383337626262643937626631643331336361303964
61383565333431646333633031623662613938623734626439386132626434313335306532643434
34343539663137306238633565376466386132336435373564656231383830303266373565616538
65343366623836646461366239663632383339616138333765373862323834396637396139313462
30663636663736653166636365363137663938366435303563613534663964306265373634663734
33383335326663383164626536306630306134346238366264393539646530373730626330626261
64363230323365623234663735633062323962343363386135383161653861336137306261306136
63366131643130303734663563653862363633343531366231373462663066646633393636633533
38313766396565326161313635666464326438323137633364363261626638613933326133373630
35383333623533656537666262316539386535363039346665326563363133613464623530313735
39633732373639333236373061333161303661353638316532353561336661333637373538623434
66373264643164356637306637326332313564333331363965366566313961346161316663376664
30616330306561613037356362616531663863376133623832363665356561386265316365313733
35386335623830356664376461373239353164363164336135356131383362346262386666363035
65316639386538366134343536626465356636303239396237616535626165326664343663356365
63633961396261653232636431383961353839313233393064376436633632393131306363323137
32316335613862636339616363626530663561653233613637613237383363666330306430316234
34323139353333313335386534343430643563623763323163303130366431383239316566333562
34393239633737376262346230363337613939633232353036643034343063383434646563613531
31663563333239616436346333313861376563636430373737666437303237316632353638636363
61663061333433343465663462663234656231316135663336666437363664376339313539393666
39656139336438306566626639623633313331376633303963623932383937343235346365356362
37343634633238326235363539643134346235376164393264336238623338373365663832303332
65663466366537306634613539346234626464313266363436346466613530373836303164633339
63393663303238373563626139316630643963643064366235656532643435376565353134313130
35323263376666303562313630663936313333336264353733656130303038356632653761363761
66313139396665633235643463303431653036393339636564643638643531633432396663626563
38353462376330626164376636343639663932633632363834303961646166323263613831663236
39363164346161323862306334626631303664623937623938613032323264663233303537363564
37343835363263656232383432303635376133633364396266653030333866336239383062333166
61343537343265616436393139326331623933636431626164636537393033646234326231613030
63316334306337323166363661306430643764666333373464363432303763306533626661623264
37363538656437393066396361313933383930656538383565613930643537616336633037393566
35326666613136616361633066353563383639313464343464306537323366663465643733616533
62616364313035326534646162643664373838373732346138666234393462643761373235626366
33306566666633383638336535316231616561366538386164316262653363383337336138373166
30313563343837653934623931356433393863383662326132663066313038663430333965633830
38663163316139316264336361326434626563373530363936333430633834316530663739343661
38393137613462663336616165383632633030646633313261356531656238376431643838396364
31343935376539663665306138393965396338306362613830623965346338316338666437633465
61333431306161343464396533373939636330376438383731356138376535666531656530313831
66663366353165313534323466653461353133633339313866326430656635356566633231383331
39386538633035393835373463343638303231653062636137353339656166313334316434323835
64383866666236663832306535336331343264613464356139316233656535663137386231303933
62653634313136313130666634306562613237366138343365313163653732373262646537383961
37343631333233386231343732386364633135626365386166316165613030343235303232336566
38666439393931333463323833343966303938636663336238376635336135383534666432633333
33656632383333303166373064336335356536353834626666316661623530623833306635313635
32663235343665376230343433326233626230646339666566316366393735383665663233373034
66646138376535646233396261316465616338643764616532383963393135313665346537356163
31636435393763643732613331626234303634376336633562383062653631366133653164353962
35663666313163656661633562323732623837303837613337353536626638343931663231373935
39373732636437623233346433306662386361316534646361653661366165326164626636386266
61333361373866306162383861316630363165373462653536656237653562383665373565376234
37633365373730623464663534623065616335616433663961653761313766666530643032343966
61356263363563313135626161363465376561383132326362643931616266313738376566343834
66323932326564633861343433393766386130666237316538646563396239623137626132313736
33326432333163666265303661636138663563646663326266643932636631303832393966653230
34623534393134656635623433643433643439373430366565643665643465666133373639653232
34326536323966636466623839386664616239636564656266316434323464386534313364646361
62316637376262333832313863636335323663343833623634643138353435643433623465356265
38613265343338303764396331643737393434373734646639313832396134306431303237313435
32353539303332306237623332653066336661313433646134386635646361636365366364326536
37313232656565623238313363663362646139383930663963396566386432636364653861646338
36313631353137303233353961393737316366333238363336623262663431623637643337636430
35323664316438383335666564313661303562383738366330613630613533383861326532323337
64333432623261363037353965353334333336636135353134396331333766303732333636316634
38336333633438383930363237343462653530653637376530653866656364663831393462376330
61326430663962623430373862396336343662306238666135336637356231636262333736646233
37323632363962346362643234326338646235343361376136616163663362346166353462643263
62633866633638643462383834343037333236623531366566623961616133656263663763626665
65313233653332623235386462396135633361613032663263306532376134633631373530323562
38633961313532643062336431356538383431663736336431633337343831383936653833366130
31343562336538363834363531646433316332303837393438313938356233323333353030383834
30626562646631396562636161663638346264653934396136623131656462356163376664323137
39336534623237653937636430613135366233646232386666333162343563643766343939343030
33646633633365666161636430633664366562363133646262303134666164666163643235333263
31336365326435653036393037373333633064353436623936313364313739663561663835376363
36393037376565313738383266346131393736323566643234316637313665303764623065366630
30353038316462636230346666663635346232643863633939623834316535353266666563626366
31373437633631616166323930653633376664326431393730656239366232336162666364333261
65383863326564386135383633613730303039646533303030326261656631353139663761633537
39336634373263316264613837663431316631666135646163643161333738623562306165653430
64633337363333303930393564346332303739303964353664666336333365366239336232343736
38393364653062373065633534366439653461316366386235366439323066363538383035303865
32646361623837366531663964633834323530383966363530363639653931333834313536376436
32386663383632316365633537613136613037613534646263313662393735643162383433336437
63376339366431323933306434643863643733373336646139346165343231616566643438313231
31343734386235646161626436646434313662396436323761336366323238393238653235643464
39653130613633386438313533663836303731346434613139623361336432623738306630643837
35343564663465623538643464376234353130643937366434666161313032613139646665363662
33663330633563323162343533333839393866373766323265646436313237626136303363373565
35643438363034316533373965343833306638653639636538313133343161306463396132313361
34643634663765626437393134386338613430636231613236626365353565353662653564633530
38666135353233366433356235313362633135373661306635633937616263343163343530373762
31623835393164656635363534636562353934653937303632363330303064373038383931323934
30316230626537333039346566373662623864383235373363396263666330653562623062623365
30343730343164646665336134366639323636343638353562303630373036333937653930346665
64396164363232313464396662383363356661656238633136656232346564373835313437363237
61316536306233663335636137326565633262383636333063623334313164633733396362383733
383865646437646561393338643766323662
