$ANSIBLE_VAULT;1.1;AES256
64363434663131316239383434316130323064386138323034623439663230383133373064613234
3761666135393435373534303961653839373830633862300a643864623766646562313939343662
61346563653332303137356165656330383938373564306165373333353233626436643966386530
6539643864636265660a336232623738346339623864346637303631366235366339386138336664
63323965656265663738666134346566353538366265663135646635353735303261386164623336
30396362353062356631623632376434353634623535343237623663346165363462316231616537
62363966613739633537663865353530643032636538366263356131333033313062633462346366
35623538643333633833356463336262386130333237373337633835643836346231313166353534
34663665306663646565356134313638393235336233653638343738643337313834363365353964
62356562306663653633366666636330343762353739663536613165656161343738306639346533
31366331616633313736393465353134313265623837376334353837316665663738376565393835
35306362356134666132363062366465306165313336663436366437373166666130373862623763
64656539316538323237356364363636313266383262633662366437353664346131373237656561
35396533343165326135326236303165303033323632636431613238383233353934326261366132
34336234393235613435663533323039656634396663323731366435326164313932656164633263
30333061323738356532633638393631653838343930346366373239636566653436663534383330
35613039373064623734356337353361336163366264333365616365353135383133346163303534
32313764656366623362343066303262663731623632623736386331663730633538363865323430
36383034346434303439316634303062323936643237333333643939376234333032613136326262
36316139306363353864373266346539333062313863376562633635313632636561623831636636
63646632396438626461613832643235333537663036333065336236383437306434373664333064
63663738363231333266386232333063373235356535613737386263303130336138313933373439
64343031313630333537613066393263626166623838353965646234386463396339613637366461
34616461396562613263633464333635386431623266613239663966646461646234643565653939
34353062643130646330636338633664373732383932396266316461633662656336313362366638
62393464623737343439623834323762316232653237613836356638613661613266656566653132
32623163626235643163633533353163383661313163363361356561396364383835643764386137
63346333333435346634646132616137313964636562363564343230383363343336323032393135
36373963633937656632323330333165306162303663383362613763383762373836306262386335
31303434333837623035383333663734393963356334363231663631353830626461353761343663
65636538383634343832376361356362383133383039646365316230663538353539353437326639
34323464656233386663636133326330393236386534333861646332303064306665346262396436
37386665333736626232336431323033373034633139346535316331623464643466356265326665
61613635343237393463613436326333646536316564616135373561666663616439366361306330
39663331366637653031323061653031643438626538323364313266303238386232346534386463
64363435376432303532386664356538663761643138333832333230636666646339383163666563
31613333396136613464303066653164616562373738636566363137353932323037343964636564
61663161643835313266626561303031356165306262633466633062316131336436316339636465
39383536623639333864613366663962643438373665373861613032353362656163353434303565
35373932623136313037393766376332376164643238636434353439386665633664356633343166
37303432363033336534366230333830663930323736383733353461383833346534616164373834
35633266303566653835396332623130373761653964313038626238306537386233346230333765
38336562313365613565663263346162366666323734306638333665356635656638343464353366
64393932323165383838643837613338323361326333313562636366616135356365663362373461
35363633393235303439636637666561346330323735643332636139373739653430376237656331
32393532373331643763383165613132653532613231623932343437346239366431326233353263
38643132303166373430666362643466343633306132373435633563653364313865666332393364
62613063373765336534313438663838333131396538323232303430326637313237616532626532
36353464636462333736356533383539346632346466363766336262353666616563623666376634
63653336323032623437326463363132616535373636376564373032303637636461343266346161
32613264323364313762636430346133373836373064303931643532646162616136633866363264
65623663323635663239373936386465363437373366323536653130303664356339363733306165
61343966393661353533363331353435306234393530326235623532323235666662643436353133
36363138323666376535396562633866613437353633623934353337376562333132643234643433
33323835383437613939353862316564323262613031366166366363373062333963326564623931
66316563306639613932316466646530623633616130323532333031616662643337396338383739
31356165316361653435613166623538393630313334363231626633356566333839303837386633
36376232666639626438663530666265353666356136366435393038326432623335316563363432
35346462306265353034653964383537623637653565623334366438356531663436353332306431
36373835346637613461616462626431666432393262353866376362356636323865393933636166
38333837336235626262663933356634383062343465653932353334616337623062386364373734
37373339613864356264636162306138316364636132653330323630326334323737376336313964
34653937613262393635623166393336313639353565363561316435613936373462346432336536
64663730313631393863616363616233653636666335663732613036396137303639643433363935
34383131383761623132393031643562616637633964353233613564626230666631323037636661
63613064333932323361633930333731633437346139323438326135333462633462366435313235
32356431366266336261393935626136383961343564623865323339653662336466386337323633
34663339353761613935666331343566613664643836653532626539626364613833343730663834
32623839356163663364343561313030383636306363333631376437386636333966663330356563
39643636383830643930393766376436366262663861663031383962613634316135303833393739
35366533336433656334643833313330386237336463376366306438346666323137386261656134
34333036663232386132303761353664353136653939646562313165643362363932633537336136
38626162386432653964666630623935376133616565343938353631346533313938373937356431
36366437336339336338393537346364653438326634343039393761656666396261326334626665
39303338306461393465393462666535306537303839313761323061326530643836376530666266
35376433373161313138613133633865643432646334633764393765366634653462333964613766
64326331623939616631323537313238316338623164316435633261373264666331643936333733
31643961643465363362356431616166386331623066646137663435366139663663653839643232
63336563636339363337383733623764353639363164303633396134306639306630346334303263
38353832646262313238636164353430623266653237353135333535616561333162313633663933
66363661313265653835333662313539653137633835303431623638386536633265313862366430
63363537616236373734363239303037373963616162386335303936613137623635373332333031
63626430633734633362343835633730373830336663386364303837643532343631393232616663
31363262396231356531663039663839666162656538326462653132626532306434616564333762
39643834633164643331646334336466383461333965373931333936633965333062303666353730
38356431376433643566396233353162656364333534313761666336373564636332646638336364
36343865616332383838383734353830646566663238376230353162383634653634646637356431
38393335646165303335623762653034636363396634383764346338383536353565376462393263
65316438393061663265316666316137613265303632333834653731666137326639653339393639
62663038383439613038303865373531653563636639356232323863613333663032316530653636
35663264656536326330623565353766613364636636373036333834306161323364386135383738
62363335616532346261643663373863653736353137643834633766656534326363363365613338
35343137663763386666396635323330633138643930363837666165663037383739353665376539
63333966336230346336656562323932626435366130663633353531333130316165393937623934
35316262386635633865393331303938326231323563623035313838303730656237643335653566
61383165386163613561656234396630393239356330623762346164326534613137366538663864
31386664373334336166646536396636623665643963386266613430363263316462323865303930
39393739333531396636623435356366626335326261383232633962333030663564613431613561
38646538663733666431623535356131306439383463343434343031643136346666326432383338
63616263363730636133623561393361376165643337393730353064353636396164313062376530
34626635656533353464636632316161653462303937613264333535343433633263623264666534
36396566336231333061616333303035323938303037363933346432653931653935393838373533
66303536653365626639636636326231626335313437313064646365333636303761636133363233
63353763383235323338376530363162383131356264663166383237326666386134623963643134
38633665323239386139383964376366306237333637373434363531386631663233313237346235
30666531303635663862386333376433386566326664373863313461613861613634373134633933
62393663636333303165323731306562316565323232336461333465326465653337353261343538
35396562653230326166633230316237646634653538653432623234616134626138666461316435
30313463316263363935393132353832313462326162636135663661396565306433323532663333
30656466626439666565316461663765613831663263646531636437303432616265656339656636
62623933653536656465326237663462643435323338323339653863353436393034613533313563
31306438333331333263623663353533326334313732366436336438386431326134363831313535
39343130346637396534366531626262316330666465653532333961636665643436663839393031
33353533396461616564333563363737666237373935386464613731323064363963333166356463
31323333316633356361653337343137643231373865643763383434623632326633343733363364
61333636376635303165353464316564353930626136633163313661306665326535303135303961
63613237363136393466316165623962383335613430633463363339646562323338353430633562
33613836626538313938636561306330656432323230633031326162356266303265353732346262
66653737376537616132313438663165653635616136353666303639656466336363653763363438
32326132333337643564336363643333373132363436343964633736353331376535366135303566
62383238383033396336386430383439653564333736666236363432363436353031323937373964
64363133363236326339616336366363373966346563356336376133383732373565663936393634
62636665333835346537353562623438666536383766656361343938343634336262373962353337
30623031653036613137646435343832663639343431346639376139326366396534616664386230
37616361306165356134636532653935313563316635366566306366633562623238646662306365
33333635663965343032623437383161643366313064386233303965663463363931316435396532
64393264303466346637326239356233613631656334333862376437346235313331656464353733
38393135363630613831663339373561356263376135373765623165336537666132313731646262
62353366643836316132396639633232626633663263306231376237306564626564626632353732
61316330653937613461313766303030623133663830363139396531313064366461623166393362
65336230336237383432393762643131653038666637386331663333383664313330386266373362
62316466343361623966623039643734386434363262313137323639616462376464373039626465
63393432393666306666386261646264386464306533383461366464633664636162376532386165
65383330656335376263336362393461633230326465623832316362653737303036306365343338
316439653362303736633863356463386133
