$ANSIBLE_VAULT;1.1;AES256
31616537383461643132653266646161643532363238666631383036653333363138373762646237
3135613766333339646531363365393138663332313030640a393761663038393231323763623864
36366166343038656532313535646336633663393966613232303365323861653562333064303033
3763343537636637350a333263633562343338306533343439656639373031326134626632643436
35323065386164373339393834383336323665336137613664363265396231313661353036636361
64373838646666363730343338393230316131343335613834646331633433626336356163343736
62346433616261323734373166623562356439646136386138353565363166303138313464666661
33306530643330353565613531346464653461313835356265386562373633383865333337636633
64326162343365353930383736393436633963393461653132306138616632306534626236363333
38366561333139656464333034383666636136353331363539626438363139323535646330386436
64616431613830313438333139366566633762623966633532376236306532366534646563316133
63643133303863393735343164306234343735316432333161383361653436303164383864336538
33646261346164396339633332613433316261653461313862366566656434623765
